-2138.45147
-2111.56147
-2045.46253
-1702.31948
-491.80570
-3292.96792
-1350.36633
-415.59660
-60.08089
-893.93202
-360.21364
-734.21485
-1308.66173
-236.76020
-1984.89686
-1012.34772
-1402.56955
-2573.92569
-1409.60900
-2807.35653
-423.37236
-57.29856
-56.44644
-465.65975
-2733.01913
-1552.97353
-2049.18697
-775.16000
-3212.71502
-2111.07566
-2971.20632
-2488.39666
-465.22163
-835.62492
-1820.08855
-947.38952
-2192.62089
-1389.55994
-1998.13169
-645.13916
-2541.81513
-810.46647
-3353.25317
-846.83372
-1244.44278
-1751.28321
-716.11015
-2141.94027
-1533.60998
-2534.35531
-708.00479
-535.16059
-1937.15534
-1239.25575
-1237.06864
-689.03944
-2913.93803
-968.94895
-1535.06673
-56.82682
-2028.33511
-2448.10238
-2049.39687
-1777.87221
-295.59577
-651.34945
-1458.63645
-1759.56017
-617.04902
-1220.12613
-671.05180
-1234.37094
-952.50290
-506.04077
-1118.34316
-4412.48418
-3218.73580
-1336.82936
-2257.08742
-3231.74479
-3414.53463
-981.37347
-1239.49208
-590.20962
-2061.25498
-2223.29205
-1547.77811
-717.71302
-449.24857
-1431.32227
-1406.62619
-1158.21083
-807.09268
-1944.29935
-3279.98347
-2375.15678
-1913.38078
-178.81385
-1554.72221
-1399.00142
-3713.03598
-2189.66134
-66.58416
-2266.13625
-582.12883
-854.61446
-943.20511
-1315.92045
-1992.92046
-1615.69972
-1156.30429
-1547.36291
-986.79841
-590.07474
-2545.12970
-2235.20916
-2770.54719
-2527.36150
-1800.05351
-678.89003
-491.70234
-187.55443
-344.17355
-2050.60626
-787.31941
-2228.12568
-1972.22071
-251.77614
-831.70532
-1051.06799
-358.39550
-2738.84988
-485.63432
-1883.32127
-1976.66236
-1800.53777
-2312.34076
-631.90475
-1254.75005
-2759.94561
-1854.62720
-1342.03656
-2962.99712
-1024.63603
-1657.80651
-2048.06438
-1468.14728
-1664.16343
-177.19543
-2253.89509
-300.46715
-509.20599
-1714.22971
-763.34398
-874.26052
-2378.35896
-930.99279
-2285.72696
-2578.09732
-406.90024
-821.19484
-1538.65876
-1492.74227
-2692.86191
-176.47091
-1919.55780
-2083.27022
-2569.92311
-2577.31622
-3203.48919
-1770.08506
-2434.14842
-384.25347
-1827.77156
-1025.70385
-1949.20645
-815.59121
-528.74815
-1516.02439
-2133.19974
-1109.13333
-1156.19097
-1938.89961
-1722.62430
-1801.94218
-743.89231
-402.78084
-1418.43418
-720.53111
-944.14701
-1534.59238
-2844.53321
-514.61657
-1844.22011
-1444.00683
-2711.82491
-1487.31160
-1349.93845
-1778.23589
-497.35716
-1988.89546
-2303.62135
-2221.89533
-1094.79515
-754.06022
-732.27008
-2328.82153
-929.52213
-439.14203
-1554.39689
-1754.86528
-666.38423
-362.70909
-488.68849
-3069.05632
-1511.21098
-571.63171
-581.26679
-2314.73810
-652.38654
-869.50440
-1021.06884
-2134.97106
-2689.20000
-2622.45408
-1957.51609
-168.69264
-327.29141
-1810.43277
-2343.27447
-878.03311
-1951.69414
-1784.89888
-3415.25310
-1514.31545
-2183.25635
-1080.21629
-1067.16792
-1594.66857
-1005.63990
-988.43759
-462.28431
-2615.78726
-271.21614
-1367.34942
-944.85608
-45.01859
-2586.67050
-1333.79627
-1107.72274
-1584.80098
-405.62296
-1885.73500
-2776.07174
-3073.76409
-528.84289
-608.84942
-76.49716
-1801.61566
-643.53023
-1531.32049
-2944.62404
-2643.54473
-1669.13513
-1394.20183
-1198.28195
-1026.64110
-1920.75762
-974.97727
-2722.55139
-440.51229
-1055.92864
-1164.81639
-404.52038
-385.94316
-1048.38588
-701.83788
-1317.20506
-1848.05078
-1616.97837
-959.37467
-1498.32539
-1352.33343
-693.11328
-1071.18328
-2571.65435
-3228.45139
-1422.04458
-1554.66763
-1588.44067
-3497.54942
-3320.29306
-404.92579
-1097.27355
-1164.68500
-2165.06083
-1798.88782
-1774.04913
-1623.12977
-1587.65895
-1445.02795
-1282.32113
-1221.71425
-2038.55591
-1173.79120
-832.69090
-1281.94949
-585.49382
-606.51603
-944.20607
-1925.03400
-1066.19254
-3094.57098
-1584.60392
-606.63146
-78.87549
-1729.42576
-1282.66116
-2518.88271
-1448.07756
-1105.69520
-1415.31206
-2162.77302
-1257.40457
-2336.00570
-43.92329
-1252.14542
-671.05538
-1377.43486
-1677.52168
-3143.55859
-781.95118
-3056.32851
-2976.87794
-1218.71393
-2941.48068
-2638.16177
-504.15254
-34.87758
-2765.61939
-1364.35883
-1873.10999
-2257.15440
-2183.03390
-2434.58962
-2352.90476
-788.25311
-796.88290
-935.22166
-899.62302
-1736.93339
-1251.91746
-889.05212
-474.65284
-1524.34793
-1919.67976
-2618.83660
-590.84081
-757.84842
-533.53699
-1390.88550
-2911.20945
-1156.32481
-981.79878
-2782.92091
-815.26429
-711.78852
-2243.54126
-3089.16652
-331.14231
-271.28947
-1873.18411
-1051.10350
-1518.11280
-1107.98811
-781.65036
-930.46218
-2055.18435
-1402.48024
-1971.28642
-20.87511
-2543.19727
-2525.58728
-258.01817
-1327.63656
-1394.81977
-2421.02256
-1981.49638
-373.61608
-547.45816
-1733.59301
-1967.55807
-2058.71363
-1904.84757
-324.97116
-1360.25517
-1469.44334
-705.91568
-2039.33411
-1355.25447
-2404.27502
-1120.28170
-1052.10133
-713.47275
-1312.21314
-1982.39438
-1108.78115
-860.03212
-2497.55840
-1777.68475
-2280.14651
-628.58848
-998.14048
-1947.54107
-533.09792
-2474.16020
-2835.10689
-999.69883
-4220.64656
-2038.42784
-2780.58783
-505.89426
-1947.45990
-2367.65381
-770.15156
-1831.96284
-2444.82469
-658.78561
-1601.60386
-510.97796
-1069.02006
-2018.49433
-698.93985
-2537.63856
-3588.49526
-840.34698
-1295.18451
-2145.13148
-1474.83753
-4535.97175
-1287.22465
-1790.09587
-2117.02674
-58.08277
-420.42093
-1890.43750
-1287.43362
-1210.86122
-2114.07004
-1626.78149
-504.97390
-4219.48247
-1460.65977
-799.35217
-503.46609
-1922.49547
-963.73473
-2113.69426
-1704.50278
-744.32732
-1764.95782
-508.37727
-795.17884
-1811.23186
-1450.57535
-1443.77044
-1367.80690
-1468.08127
-2672.80485
-2438.37482
-2352.36132
-1133.01335
-679.12650
-3519.10315
-2813.76313
-1363.55656
-1343.60717
-1548.17819
-985.39379
-622.07167
-2857.45500
-1474.42678
-889.37502
-1492.86594
-859.73210
-1987.63932
-2997.82354
-1850.66709
-755.07883
-530.35667
-1475.10310
-757.77086
-1411.46678
-1670.72785
-1107.21192
-2115.45124
-2216.42388
-1181.06608
-324.61331
-1105.59533
-1899.70009
-2214.90687
-969.57214
-3164.72056
-2495.00008
-1984.31622
-2716.52745
-955.44171
-910.59290
-4453.54105
-439.74452
-2353.03969
-832.26000
-95.43675
-459.81247
-1968.25962
-2603.90022
-110.17795
-2969.53292
-626.77825
-1692.94174
-1043.70443
-442.13469
-563.99930
-2993.11676
-692.15015
-994.74067
-2409.45591
-726.16859
-1216.02091
-2801.76958
-1725.43400
-1187.51021
-882.34923
-1804.90927
-154.50504
-1014.79495
-1917.00643
-549.67732
-1248.06503
-2932.35352
-1532.24228
-3173.16517
-944.87295
-495.78700
-2297.48075
-1440.34391
-447.74263
-2526.79130
-1405.53038
-1513.71809
-1758.48418
-634.29336
-1025.02249
-3312.71784
-872.71803
-2326.90804
-336.37945
-64.09513
-3376.95470
-2323.15645
-1254.06236
-3141.79743
-1089.57856
-606.24362
-1552.86983
-2661.99319
-1804.30623
-1357.70262
-723.53153
-1595.16540
-1059.48078
-1047.04332
-2380.62116
-2949.87930
-3481.03154
-2642.20631
-2396.65719
-602.49203
-1041.14499
-2071.80781
-449.20688
-2469.34210
-3484.95232
-1903.92134
-1998.22614
-2111.46853
-1353.77361
-1323.25150
-1109.48545
-2541.36213
-312.96659
-736.77012
-1878.85196
-954.92192
-2841.40199
-1789.25906
-1702.22568
-1482.13688
-703.90186
-761.35037
-1436.67741
-2201.96395
-2092.75881
-1135.55991
-1011.23539
-3807.27691
-1502.33319
-1342.54382
-687.73030
-1870.32359
-1475.86199
-2756.48014
-542.74686
-2516.97612
-2284.78413
-1098.07302
-663.75650
-3060.73040
-1774.62221
-320.09008
-2440.58088
-2864.78452
-2879.04507
-565.88454
-954.10152
-91.49074
-601.69043
-1840.41603
-941.63455
-1761.65449
-1816.92114
-2060.92398
-1010.35896
-1000.57578
-314.55272
-607.29825
-2145.71829
-777.25720
-2629.07608
-601.30180
-299.26530
-940.10511
-1034.67314
-2506.22564
-2726.81505
-2186.66143
-3385.14403
-1257.74569
-843.15517
-2100.20670
-712.28956
-770.53244
-1745.60105
-1492.63915
-646.84979
-1535.44727
-865.18404
-2396.85681
-1107.04015
-1676.31763
-620.03054
-322.16917
-1715.31341
-1154.89744
-677.95908
-3435.29202
-1279.83151
-1401.89390
-1099.01072
-2670.21482
-1872.68915
-2145.76252
-976.28771
-820.32692
-894.20704
-361.83269
-4336.40474
-1367.27063
-1395.45133
-779.73664
-2742.24161
-2512.89241
-954.19058
-2396.76027
-1630.28273
-1519.75183
-1227.66435
-1932.13687
-2198.76080
-3024.92456
-1054.73859
-679.21668
-1656.29796
-3292.11336
-1004.12371
-2295.37339
-1218.90156
-57.34449
-297.09718
-1469.03584
-1239.00986
-880.36152
-2247.05618
-1930.58973
-373.65780
-537.95251
-1802.57930
-19.08358
-703.26666
-1489.19532
-40.12679
-527.72286
-433.64752
-2407.92233
-1019.37065
-667.15579
-3094.57873
-66.69692
-193.69452
-2818.67160
-459.63420
-2785.81397
-964.32275
-770.66666
-2455.68144
-2063.70060
-182.37660
-1520.48432
-765.21279
-1247.14475
-1308.01791
-2729.17810
-2738.25137
-579.88165
-517.60884
-1911.55868
-2231.54987
-1617.16795
-1491.11540
-1547.00667
-713.07279
-1362.92094
-2322.82343
-1134.91407
-1857.67225
-1521.03905
-515.74816
-388.89178
-1148.97683
-2477.81540
-1627.62805
-1094.29653
-3696.70983
-799.50103
-1111.17819
-2262.01458
-1107.17398
-3407.24883
-2091.81776
-1528.35396
-848.33299
-1747.86121
-566.28856
-443.94469
-481.85737
-1091.40559
-798.71669
-675.36995
-1700.42044
-1836.06233
-893.85186
-3117.55840
-1445.07050
-2854.82701
-1029.81088
-3323.11139
-2110.99740
-2578.18011
-1702.44846
-2174.33121
-2540.13652
-2467.12634
-2050.48234
-2905.59787
-602.10665
-2141.01632
-1205.94412
-2081.23027
-2504.18417
-447.81108
-1024.60611
-1017.73773
-462.73157
-2192.30454
-1029.03657
-383.17172
-2845.42764
-2641.32370
-2101.93045
-935.83823
-2273.84046
-1327.25938
-1044.77484
-1906.30534
-1721.09470
-999.49941
-2079.52377
-2932.04597
-2737.68293
-1988.04000
-1957.90902
-1805.78714
-2230.32679
-1128.69999
-2961.67267
-2181.31654
-1365.28448
-2610.04685
-932.55536
-639.73787
-2053.14611
-1822.48493
-1617.61997
-2931.50591
-530.06327
-2709.06066
-814.63457
-675.83163
-2075.93938
-920.69529
-1197.60633
-2719.30237
-1003.17941
-1316.52141
-2533.68772
-466.51292
-3432.28621
-2252.49414
-713.55462
-1402.79005
-2541.08335
-2133.34201
-1925.12199
-2263.67486
-446.15838
-2222.17670
-2887.33106
-1134.90095
-294.57591
-3428.79881
-900.37964
-1943.00923
-3205.76037
-1275.08433
-2492.36588
-2081.95938
-2314.96020
-548.37932
-2216.26705
-1139.14447
-659.89066
-2175.89348
-1805.20513
-889.32699
-3173.28426
-776.69794
-508.43090
-2005.86148
-1116.82487
-1544.74096
-427.44964
-1013.12461
-2036.20026
-2530.83529
-2010.31162
-1175.59884
-1884.94138
-1376.74807
-753.76896
-942.64882
-3295.67422
-1131.88910
-1676.11157
-1468.43797
-1901.30105
-597.31880
-701.83593
-1907.98444
-1763.40471
-3104.66524
-335.29919
-1404.53108
-462.92301
-2037.66955
-2169.33984
-1288.82483
-1375.09754
-612.93830
-1594.75927
-616.46520
-493.74060
-2125.25795
-2867.04327
-510.19210
-1344.81114
-1051.17791
-912.71594
-2035.82133
-1855.20119
-1890.86206
-1731.26596
-1974.58405
-217.38205
-1543.61372
-406.87966
-2109.09380
-2621.45914
-2121.22265
-868.29494
-1284.78933
-2161.17295
-973.96841
-1770.23623
-57.29856
-1360.94716
-2048.35518
-1529.91423
-2723.93355
-1972.75561
-1873.50141
-3084.93133
-1634.36313
-2830.28748
-672.14253
-1157.88179
-2452.85589
-846.25772
-1062.38336
-92.31071
-2105.09441
-2668.69008
-2765.48555
-1422.36445
-3158.17726
-2507.56394
-1989.24602
-2575.43444
-1959.99904
-2650.67224
-312.58664
-548.54604
-2585.96921
-1462.25856
-1757.98691
-2288.46944
-449.42722
-2717.33647
-3793.05528
-1321.54064
-1046.63001
-788.85687
-2303.44600
-1372.22750
-48.70856
-1462.53746
-2592.21045
-1283.83590
-1543.86084
-504.33490
-2599.84470
-596.18676
-1234.74236
-1951.28050
-1180.40680
-286.02010
-1245.24444
-145.23852
-2856.24777
-2353.80882
-967.42171
-2131.58224
-1626.47319
-1861.85933
-1128.00584
-2453.09520
-2184.33441
-239.17438
-888.85888
-1879.68437
-3244.24911
-243.88356
-996.08137
-686.88089
-1841.24787
-1304.96958
-64.78571
-2866.11682
-361.25859
-1508.02154
-1297.85886
-3478.94278
-2159.52462
-834.82120
-535.56259
-1326.52785
-3852.68918
-767.90985
-1021.67520
-689.90579
-1300.90626
-920.53621
-1717.96915
-2194.61625
-2268.23663
-710.28589
-1656.97880
-522.42532
-2362.02965
-1625.20155
-1217.00406
-922.95557
-1193.56260
-1208.77923
-601.24712
-2026.25308
-3042.92038
-412.55983
-318.00282
-1005.81996
-386.02024
-554.92153
-785.38856
-859.87408
-2822.22553
-2114.72762
-2127.11902
-1675.57265
-760.44665
-1941.75294
-1696.41490
-361.95303
-1652.44588
-1763.14077
-1191.55451
-890.03304
-1224.99856
-1595.50032
-670.05269
-1628.87886
-1688.29552
-1075.95819
-2471.33723
-805.24957
-1018.96833
-493.51222
-2092.61922
-1971.25772
-400.28269
-2438.83590
-578.29833
-3227.31221
-1016.06737
-2435.72690
-1865.82139
-1779.05268
-1503.24295
-1368.63360
-80.41255
-3433.63310
-3177.34787
-1973.63875
-1047.80584
-2686.15190
-2393.15073
-2239.32681
-424.91112
-986.90167
-1551.65212
-753.86764
-2790.28993
-956.67562
-785.89122
-1982.16413
-1043.06760
-2318.10389
-135.83615
-577.90406
-970.59231
-707.59049
-1313.62706
-748.40318
-1855.85447
-52.56893
-1135.11127
-883.02728
-685.32923
-60.92586
-1308.20168
-1331.96071
-2069.43178
-112.84311
-1212.34630
-3518.62296
-423.67428
-1584.68114
-47.40157
-1009.72140
-2057.57457
-1182.32062
-2899.10314
-563.83486
-2322.07189
-1317.30536
-560.57473
-2991.61509
-1649.65628
-2489.29674
-1851.54389
-1469.26687
-57.83624
-2316.42711
-709.16796
-946.16079
-1403.54541
-2021.87778
-589.79984
-2714.75306
-2830.88922
-1935.87090
-778.67631
-2956.64717
-1177.31126
-1067.13311
-944.48049
-1939.04528
-518.72927
-526.42601
-2369.43338
-1638.37792
-893.39651
-550.66820
-949.52656
-1232.39507
-2764.33770
-2304.63239
-1503.32227
-1184.93724
-2910.20083
-1315.53269
-685.13910
-591.46555
-1245.83848
-2444.53173
-211.47758
-1135.03548
-1160.18256
-1533.05676
-1848.08230
-676.43389
-2983.17332
-1648.88769
-418.51291
-492.35103
-1055.64133
-630.70805
-1797.19690
-896.36283
-3444.36364
-2906.84621
-1345.58223
-711.42034
-1102.61268
-1764.85447
-855.47900
-2569.76957
-2638.92901
-1299.86512
-2253.48101
-2015.91995
-1257.83788
-1686.01811
-410.82859
-540.93855
-1297.85231
-290.57788
-2149.08297
-2367.67436
-2566.57054
-979.35552
-1773.81757
-2423.98027
-3480.76558
-1111.98797
-1293.91763
-540.13915
-2017.81206
-1311.08783
-1035.95591
-505.93041
-856.65296
-669.24485
-2120.41822
-579.91647
-1158.54917
-2229.73242
-1617.48946
-932.96799
-4606.04499
-127.75510
-2321.36581
-668.46016
-2659.61167
-1220.73246
-443.97099
-2161.34476
-1210.86671
-1581.95315
-2315.88418
-1299.85819
-1698.79480
-912.29809
-1599.62806
-564.97825
-2235.05903
-526.16819
-947.43117
-954.43223
-2742.22117
-2347.49143
-432.80577
-1651.14576
-1706.65619
-2783.72614
-1600.80332
-1805.80164
-2856.18534
-2110.20429
-1170.73606
-487.25106
-1563.91275
-1899.96092
-1132.62232
-1421.77592
-741.25368
-1638.94551
-1071.35626
-1825.63522
-941.79319
-1589.66358
-3219.57133
-245.99670
-513.52248
-2862.03111
-528.36524
-920.85959
-794.83526
-1300.41056
-1689.80371
-1295.86129
-1653.22664
-1496.69978
-3195.10350
-549.95567
-261.80952
-2508.78736
-805.29343
-2657.70653
-1621.21553
-1522.59994
-1093.31296
-965.86561
-1820.57350
-1225.01959
-2348.59091
-2768.20538
-2818.26122
-2463.32564
-1477.88113
-364.03794
-668.84852
-1511.37539
-1060.42176
-268.61944
-736.58967
-142.18738
-2445.02913
-1934.55977
-934.62240
-821.31472
-4446.44086
-2393.41671
-1268.40204
-892.17685
-881.15263
-611.83559
-3756.33707
-1918.79493
-1386.63966
-3653.55423
-541.97598
-842.72890
-1200.94518
-1723.57593
-1795.66808
-1457.28374
-1477.22470
-1242.97043
-1522.19554
-424.73342
-571.23525
-446.26987
-1781.08529
-2008.29085
-2062.28566
-555.68735
-1558.03239
-1004.36394
-3245.61238
-603.36757
-1034.36328
-1640.14155
-582.77755
-1527.01242
-46.69370
-871.89217
-170.30918
-1089.29744
-1134.22661
-2443.99086
-1475.51311
-953.75460
-917.69421
-736.06513
-2286.91311
-1078.31980
-1960.20910
-2852.62605
-1311.23171
-1256.04420
-296.60682
-466.18672
-1300.98383
-795.38628
-571.55154
-995.80803
-34.70886
-1116.43792
-802.93390
-721.27035
-847.08320
-1381.84995
-808.24544
-88.23032
-2010.99775
-2927.21704
-828.00126
-596.70154
-2330.51878
-1301.33165
-2339.23344
-1553.19223
-1366.81954
-2407.46085
-1412.77939
-1399.86597
-794.71291
-1194.63660
-2362.12083
-2389.91995
-2655.31386
-498.52602
-1977.63622
-46.43434
-841.96865
-546.07346
-1356.72579
-1507.52292
-1229.62376
-2712.47508
-1452.94208
-1611.62902
-1885.66602
-491.60557
-2561.08770
-2473.62699
-605.93020
-1990.24334
-1739.49058
-3003.64753
-2643.48706
-1565.69158
-668.11196
-2309.40534
-1694.50776
-2190.46556
-3370.73265
-1232.91152
-1936.36594
-57.57196
-453.56273
-645.60148
-763.23393
-2023.54735
-1192.88838
-92.31071
-1861.52627
-4592.41092
-2345.26843
-1391.66624
-630.46639
-719.74380
-698.56964
-1038.08339
-818.46193
-1073.07550
-631.66696
-792.73640
-1210.62931
-4478.07165
-2811.49793
-302.19880
-674.84486
-1126.01453
-2776.87432
-1599.48191
-1844.92487
-612.80300
-3026.10475
-757.19690
-1860.08426
-980.89467
-537.95179
-632.94084
-1310.39582
-2199.61381
-3143.23891
-1893.64884
-1603.01154
-1671.84287
-1744.54800
-2398.77339
-1763.11053
-1692.43533
-328.83339
-2523.10932
-892.66351
-1744.16430
-2963.27972
-2675.79810
-1497.27832
-1739.37779
-650.21542
-1068.17059
-1490.15307
-1198.38213
-2154.26667
-663.47367
-694.87206
-521.24394
-1449.52850
-569.43853
-1954.14301
-801.88606
-2667.46854
-1019.37525
-636.03761
-822.13283
-1476.07840
-2631.44866
-2006.52088
-1394.25978
-3050.27312
-2846.78062
-2252.96309
-1555.92209
-1996.51212
-2491.33477
-727.95247
-2870.13607
-3559.82371
-1837.18985
-708.52786
-867.74157
-2247.20015
-2600.98534
-2001.59984
-243.84338
-2607.68684
-2208.15684
-1832.42771
-637.05090
-465.47957
-1431.58992
-1663.65713
-1356.95440
-1016.72679
-947.46654
-2006.98161
-1379.74858
-682.79500
-3162.20922
-414.77896
-1254.17894
-1078.49520
-1840.52109
-1546.84437
-1084.43207
-950.33953
-1594.81052
-966.79014
-675.05476
-432.63640
-2270.58802
-1000.57144
-1079.54673
-858.82419
-3057.18299
-658.20732
-286.63084
-825.10766
-367.16807
-2041.90730
-1692.83835
-1260.65950
-2005.18203
-1696.66681
-2583.30355
-1126.50247
-1232.61803
-2205.34547
-2753.06581
-913.12523
-2114.42914
-1650.28831
-808.24926
-44.57133
-820.18655
-1307.32423
-456.02476
-761.20603
-154.78363
-1965.55039
-2128.55358
-1422.50846
-1756.36273
-1257.30954
-1135.67216
-177.58877
-266.28750
-2114.14372
-4244.79020
-803.31255
-2456.94244
-2586.67708
-1798.31975
-1075.01582
-1016.17192
-2676.45071
-1918.73423
-1986.79022
-216.68354
-1420.34268
-2776.31931
-1000.86220
-1280.27404
-713.02883
-945.89930
-285.75277
-718.26803
-1377.78994
-527.65504
-1702.98767
-417.94565
-1044.94644
-3518.66453
-1320.82433
-1310.16560
-1545.64137
-3355.89432
-1336.16026
-3443.15605
-948.65274
-1326.49502
-1237.46735
-2146.69528
-1357.55288
-2218.61451
-2276.57079
-796.37869
-2819.99996
-2076.14720
-1560.19499
-3128.52629
-2560.25424
-532.74145
-2839.59386
-1876.27567
-199.51387
-690.90769
-1078.59804
-152.90566
-844.88070
-1639.80627
-1933.75072
-4251.93419
-1848.21455
-2212.62930
-1691.38036
-2291.07213
-2842.23424
-439.13461
-926.22217
-462.08663
-1844.91483
-2797.00967
-1515.29166
-1691.54361
-1083.83871
-1098.69721
-351.78943
-320.09437
-682.19079
-1955.12931
-519.94534
-939.08559
-2601.20401
-707.19481
-685.47313
-2913.19806
-2252.08362
-1841.92224
-785.74313
-4135.66414
-574.79875
-1704.21251
-2076.86376
-2545.17641
-2122.28342
-1590.62722
-1293.91167
-2157.19462
-1231.29086
-322.29580
-3321.95391
-2213.80003
-1365.64982
-1679.40066
-3082.81736
-215.67455
-1703.08951
-2772.04481
-496.08873
-854.77734
-905.12970
-2118.39797
-691.99254
-775.17947
-2743.47538
-167.70278
-92.31071
-1182.89874
-421.83638
-2574.66995
-313.09676
-460.58064
-1314.76004
-1003.60273
-1662.57909
-494.22913
-403.96272
-3462.79608
-701.66707
-1686.46717
-2153.84191
-1392.15819
-1611.04874
-1358.51329
-2628.59556
-1601.64095
-1720.09775
-2983.72743
-878.86448
-1803.26384
-1351.02521
-1421.00178
-953.56496
-1703.05911
-1773.36340
-561.42606
-463.46390
-3338.71788
-1634.04231
-796.49328
-2457.46969
-144.93307
-2458.58528
-1571.71107
-2050.21848
-1293.45306
-4506.65596
-2481.47224
-1693.33629
-1275.27015
-632.93631
-1184.98785
-1147.58408
-1055.59925
-1089.38423
-1426.35481
-1575.39901
-1523.67096
-1706.21416
-2739.04640
-527.88584
-1116.33914
-1879.56865
-1637.06158
-2224.30462
-3541.12155
-1717.80918
-1725.87773
-2599.71605
-517.44973
-806.04275
-504.15533
-869.54510
-579.24240
-588.18092
-2468.88321
-57.30573
-2283.17576
-3451.91819
-2353.51426
-695.63384
-1291.43198
-1583.18922
-2047.75778
-660.00288
-804.72331
-2869.04503
-2405.06089
-4630.60131
-2222.98402
-1656.61167
-1293.06874
-1616.19329
-595.73371
-2346.36100
-2344.44590
-1984.81561
-886.12008
-2249.29836
-3544.34232
-648.12098
-916.52429
-911.89676
-3319.36748
-2575.41836
-3671.26198
-394.26801
-840.09953
-1365.07826
-936.96479
-2293.04521
-1053.84930
-885.72791
-547.28191
-3077.04188
-1487.39810
-451.59105
-1388.05867
-1390.07480
-183.02729
-1036.30584
-2097.57511
-2704.41431
-836.31427
-1822.78554
-568.29725
-1415.60970
-1007.91533
-2543.84832
-2222.28613
-1670.42873
-1009.20954
-1135.30971
-854.40628
-896.07216
-329.55352
-2164.57983
-2157.68116
-377.47771
-1173.63840
-3517.23119
-995.58006
-1609.93619
-1919.59186
-1505.75517
-3013.20411
-180.20412
-782.24004
-1771.25586
-1506.34898
-1646.40547
-3612.25381
-646.17752
-479.67020
-965.63681
-1067.26724
-852.93714
-2175.60625
-1037.73663
-1209.33478
-16.80942
-947.24664
-478.52011
-1544.18667
-1012.50173
-2225.70698
-1708.39663
-2096.53895
-2342.69530
-2307.95897
-1509.95563
-2150.34185
-1081.79849
-1785.08976
-1309.13026
-1135.12556
-1788.59545
-1923.29297
-2677.67218
-2779.97172
-836.57601
-784.44277
-1124.54152
-2793.41184
-2100.68571
-1754.34669
-477.38597
-599.93198
-1150.61239
-1721.10381
-2792.52450
-772.01574
-931.03071
-1698.75862
-1026.72984
-1560.52593
-240.95479
-2311.48754
-2726.45533
-2349.25200
-1009.43282
-1228.77220
-1376.79483
-2730.11064
-604.24851
-2114.05319
-1367.79623
-1054.09472
-515.17261
-1793.82542
-2443.52156
-1251.46047
-1115.42479
-1306.18292
-2950.35028
-2077.86880
-1929.78717
-774.69322
-582.26080
-2350.18759
-2687.42872
-2094.38967
-846.48752
-420.08224
-1148.96170
-2447.26276
-359.97543
-355.68909
-266.87020
-1948.53125
-1973.13247
-530.68533
-1012.86395
-1420.74708
-634.85081
-2270.11464
-2948.77656
-2022.14110
-3306.70094
-3590.35185
-315.05239
-896.39960
-975.40364
-1344.90387
-528.88500
-2576.98806
-1103.72034
-1542.20479
-485.53878
-929.48665
-1192.91343
-1060.76005
-965.58142
-1686.57371
-2071.15753
-2184.78528
-3488.01831
-3463.43387
-429.75557
-2264.45656
-2346.77589
-2885.41929
-3811.20776
-910.09733
-1589.35286
-1601.27153
-2319.33891
-1351.33313
-1619.55749
-2896.73043
-2116.12078
-1501.02419
-1687.34264
-1329.91173
-57.30573
-1044.38597
-2027.13679
-1825.69932
-1148.44570
-2232.27911
-2274.08593
-2460.02401
-589.03634
-1711.46641
-2009.99679
-1202.08346
-1970.94184
-598.97194
-100.40027
-2187.71018
-906.69421
-2376.92920
-669.38686
-1300.72621
-595.05236
-1604.57570
-659.94243
-796.84331
-1142.27144
-554.07255
-604.98408
-1516.29983
-1729.19540
-4331.38663
-451.39511
-3444.26848
-1067.35358
-776.02945
-2841.77106
-1207.16767
-629.66484
-1386.95691
-711.96966
-1768.90376
-561.45991
-1789.35779
-377.70509
-2766.63915
-1711.32967
-2358.74210
-1770.11273
-716.73270
-505.36092
-3270.50112
-1298.15406
-1770.45103
-867.35580
-2673.88516
-2891.15521
-1147.17222
-770.02511
-2126.52169
-2015.96422
-645.79466
-804.03468
-2258.36141
-862.29440
-702.32890
-262.47709
-1715.25333
-1233.42969
-463.40555
-1166.60054
-533.67846
-754.12147
-2809.03735
-1078.81526
-2896.84840
-843.04143
-1565.97711
-992.76331
-1253.91980
-2612.25526
-2409.48734
-81.13409
-714.50532
-1381.40486
-2005.37052
-1262.59391
-1701.25949
-1868.95822
-1625.33928
-1323.09658
-1165.90691
-1434.04722
-755.39454
-1647.14128
-595.42970
-2795.26419
-896.58938
-610.88209
-744.83522
-1542.79423
-3626.89150
-470.94621
-1994.64168
-954.69885
-3179.06446
-3599.59789
-791.68458
-1502.09947
-1692.71943
-2541.90503
-798.29306
-997.84346
-1387.33227
-583.22616
-2912.16084
-764.42227
-1960.68324
-1294.90393
-1622.95291
-2084.29618
-4144.09426
-1832.12594
-694.09272
-2251.33733
-1119.27214
-133.30645
-92.00753
-507.73678
-671.86207
-1310.84950
-2369.25345
-1555.85993
-2419.60757
-2336.33666
-1915.85088
-2515.88248
-590.96588
-1177.60607
-1399.75132
-552.79659
-804.28494
-1877.94191
-1571.81019
-1269.61170
-1107.89520
-2746.21332
-2367.70893
-1152.61179
-1709.46250
-1284.20523
-2265.44709
-761.45529
-452.84403
-2982.64329
-567.11276
-424.32771
-1347.99204
-702.63862
-755.74954
-1566.18616
-3185.62682
-2467.06255
-924.29967
-2545.48040
-1159.89670
-2252.01442
-171.23483
-3551.40375
-2158.86526
-1500.88177
-206.81256
-414.87644
-1479.51768
-1688.52102
-2215.96605
-1847.68969
-1576.06214
-1121.14905
-2060.07843
-621.57344
-2217.27581
-2351.35582
-857.76914
-1887.20175
-1813.29390
-1718.29646
-1374.36990
-455.87172
-1512.18050
-1080.31831
-1709.53460
-1000.42724
-1462.18046
-2502.87140
-1772.22425
-2114.36306
-1699.97117
-946.45887
-1410.65942
-1033.49534
-826.82051
-202.18130
-365.85939
-2050.05818
-299.68138
-1114.26708
-2540.13693
-1122.12211
-622.84051
-1609.86805
-1171.35778
-102.22571
-2867.61578
-1077.28780
-1570.03603
-445.62078
-1086.52155
-1748.43624
-435.00533
-2758.31030
-1902.81612
-505.47624
-1855.33970
-2600.75752
-1349.53216
-2145.84489
-1701.33695
-420.04998
-985.48427
-552.16422
-2041.15037
-711.09245
-78.60911
-693.05739
-601.47012
-778.27060
-376.68174
-1158.03500
-483.42446
-516.55040
-1082.74898
-832.15583
-352.69424
-1118.99522
-3139.30542
-1644.79080
-1488.54274
-604.79788
-756.71034
-1102.87240
-2458.57762
-683.89937
-428.53814
-897.42079
-865.05321
-2368.03656
-2089.84372
-2952.52862
-699.94163
-1586.32908
-1325.33370
-1145.60746
-1092.05502
-1350.34711
-1515.83692
-1313.02345
-1555.24433
-2695.93487
-1840.34450
-660.55110
-552.78238
-684.91453
-1455.76500
-3231.38478
-1249.33456
-413.01667
-1745.44703
-1164.52092
-1123.09632
-1515.74238
-2692.55734
-771.22105
-779.74658
-2132.96627
-1140.53205
-243.88356
-2019.17667
-1207.09771
-424.87408
-2153.82721
-2355.17974
-3797.76101
-2132.41060
-2043.24116
-882.20235
-848.43226
-1023.97885
-2427.03578
-2005.14989
-1026.57758
-2842.94537
-1483.84016
-1093.67698
-1864.41013
-968.42924
-1213.22419
-2810.86445
-3115.20555
-2183.00704
-4055.78508
-2176.66256
-876.57736
-878.39468
-2628.40046
-827.15027
-1090.20655
-910.11918
-799.52945
-608.81454
